# Blender 4.0.0
# www.blender.org
mtllib arena2.mtl
o Cube
v 0.237007 -3.648035 1.000002
v 0.237007 -3.648035 -0.999998
v 3.772085 -3.648035 1.000002
v 3.772085 -3.648035 -0.999998
v 0.237007 -1.648035 1.000002
v 0.237007 -1.648035 -0.999998
v 3.772085 -1.648035 1.000002
v 3.772085 -1.648035 -0.999998
v -3.298071 -3.648035 1.000002
v -3.298071 -3.648035 -0.999998
v -3.298071 -1.648035 1.000002
v -3.298071 -1.648035 -0.999998
vn -0.0000 -1.0000 -0.0000
vn 1.0000 -0.0000 -0.0000
vn -0.0000 1.0000 -0.0000
vn -1.0000 -0.0000 -0.0000
vn -0.0000 -0.0000 1.0000
vn -0.0000 -0.0000 -1.0000
vt 0.375000 0.000000
vt 0.625000 0.000000
vt 0.625000 0.250000
vt 0.375000 0.250000
vt 0.625000 0.500000
vt 0.375000 0.500000
vt 0.625000 0.750000
vt 0.375000 0.750000
vt 0.625000 1.000000
vt 0.375000 1.000000
vt 0.125000 0.500000
vt 0.125000 0.750000
vt 0.875000 0.500000
vt 0.875000 0.750000
s 0
f 1/1/1 2/2/1 4/3/1 3/4/1
f 3/4/2 4/3/2 8/5/2 7/6/2
f 7/6/3 8/5/3 6/7/3 5/8/3
f 5/8/4 6/7/4 2/9/4 1/10/4
f 3/11/5 7/6/5 5/8/5 1/12/5
f 8/5/6 4/13/6 2/14/6 6/7/6
f 1/1/1 9/4/1 10/3/1 2/2/1
f 9/4/4 11/6/4 12/5/4 10/3/4
f 11/6/3 5/8/3 6/7/3 12/5/3
f 9/11/5 1/12/5 5/8/5 11/6/5
f 12/5/6 6/7/6 2/14/6 10/13/6
o Cube.001
v 2.848922 12.445756 1.000000
v 5.698811 8.337455 1.000000
v 2.848922 12.445756 -1.000000
v 1.205602 11.305800 1.000000
v -0.000966 16.554058 1.000000
v -0.000967 16.554058 -1.000000
v -1.644287 15.414102 1.000000
v -1.644287 15.414102 -1.000000
v 1.205601 11.305800 -1.000000
v 4.055490 7.197499 -1.000000
v 5.698810 8.337455 -1.000000
v 4.055490 7.197499 1.000000
vn -0.0000 -0.0000 1.0000
vn 0.8217 0.5700 -0.0000
vn -0.5700 0.8217 -0.0000
vn -0.8217 -0.5700 -0.0000
vn -0.0000 -0.0000 -1.0000
vn 0.5700 -0.8217 -0.0000
vt 0.125000 0.500000
vt 0.125000 0.750000
vt 0.375000 0.750000
vt 0.375000 0.500000
vt 0.375000 0.000000
vt 0.375000 0.250000
vt 0.625000 0.250000
vt 0.625000 0.000000
vt 0.375000 1.000000
vt 0.625000 1.000000
vt 0.625000 0.750000
vt 0.625000 0.500000
vt 0.875000 0.500000
vt 0.875000 0.750000
s 0
f 14/15/7 13/16/7 16/17/7 24/18/7
f 13/19/8 14/20/8 23/21/8 15/22/8
f 13/19/8 15/22/8 18/21/8 17/20/8
f 16/17/9 13/23/9 15/24/9 21/25/9
f 17/15/7 19/18/7 16/17/7 13/16/7
f 17/20/9 18/21/9 20/26/9 19/18/9
f 19/18/10 20/26/10 21/25/10 16/17/10
f 20/26/11 18/27/11 15/28/11 21/25/11
f 22/26/11 21/25/11 15/28/11 23/27/11
f 24/18/10 16/17/10 21/25/10 22/26/10
f 14/20/12 24/18/12 22/26/12 23/21/12
o Cube.002
v -5.930230 1.839060 1.000001
v -5.930230 1.839060 -0.999999
v -3.693402 -4.424172 1.000002
v -3.693402 -4.424172 -0.999998
v -4.046742 2.511722 1.000001
v -4.046742 2.511722 -0.999999
v -1.809914 -3.751510 1.000002
v -1.809914 -3.751510 -0.999998
v -8.167058 8.102292 1.000000
v -8.167058 8.102292 -1.000000
v -6.283570 8.774954 1.000000
v -6.283570 8.774954 -1.000000
vn -0.9417 -0.3363 -0.0000
vn 0.3363 -0.9417 -0.0000
vn 0.9417 0.3363 -0.0000
vn -0.3363 0.9417 -0.0000
vn -0.0000 -0.0000 1.0000
vn -0.0000 -0.0000 -1.0000
vt 0.375000 0.000000
vt 0.625000 0.000000
vt 0.625000 0.250000
vt 0.375000 0.250000
vt 0.625000 0.500000
vt 0.375000 0.500000
vt 0.625000 0.750000
vt 0.375000 0.750000
vt 0.625000 1.000000
vt 0.375000 1.000000
vt 0.125000 0.500000
vt 0.125000 0.750000
vt 0.875000 0.500000
vt 0.875000 0.750000
s 0
f 25/29/13 26/30/13 28/31/13 27/32/13
f 27/32/14 28/31/14 32/33/14 31/34/14
f 31/34/15 32/33/15 30/35/15 29/36/15
f 29/36/16 30/35/16 26/37/16 25/38/16
f 27/39/17 31/34/17 29/36/17 25/40/17
f 32/33/18 28/41/18 26/42/18 30/35/18
f 25/29/13 33/32/13 34/31/13 26/30/13
f 33/32/16 35/34/16 36/33/16 34/31/16
f 35/34/15 29/36/15 30/35/15 36/33/15
f 33/39/17 25/40/17 29/36/17 35/34/17
f 36/33/18 30/35/18 26/42/18 34/41/18
o Cube.003
v 5.624508 3.318107 1.000001
v 5.624508 -1.681893 1.000002
v 5.624508 3.318107 -0.999999
v 3.624508 3.318107 1.000001
v 5.624508 8.318108 1.000000
v 5.624508 8.318107 -1.000000
v 3.624508 8.318108 1.000000
v 3.624508 8.318107 -1.000000
v 3.624508 3.318107 -0.999999
v 3.624508 -1.681893 -0.999998
v 5.624508 -1.681893 -0.999998
v 3.624508 -1.681893 1.000002
vn -0.0000 -0.0000 1.0000
vn 1.0000 -0.0000 -0.0000
vn -0.0000 1.0000 -0.0000
vn -1.0000 -0.0000 -0.0000
vn -0.0000 -0.0000 -1.0000
vn -0.0000 -1.0000 -0.0000
vt 0.125000 0.500000
vt 0.125000 0.750000
vt 0.375000 0.750000
vt 0.375000 0.500000
vt 0.375000 0.000000
vt 0.375000 0.250000
vt 0.625000 0.250000
vt 0.625000 0.000000
vt 0.375000 1.000000
vt 0.625000 1.000000
vt 0.625000 0.750000
vt 0.625000 0.500000
vt 0.875000 0.500000
vt 0.875000 0.750000
s 0
f 38/43/19 37/44/19 40/45/19 48/46/19
f 37/47/20 38/48/20 47/49/20 39/50/20
f 37/47/20 39/50/20 42/49/20 41/48/20
f 40/45/21 37/51/21 39/52/21 45/53/21
f 41/43/19 43/46/19 40/45/19 37/44/19
f 41/48/21 42/49/21 44/54/21 43/46/21
f 43/46/22 44/54/22 45/53/22 40/45/22
f 44/54/23 42/55/23 39/56/23 45/53/23
f 46/54/23 45/53/23 39/56/23 47/55/23
f 48/46/22 40/45/22 45/53/22 46/54/22
f 38/48/24 48/46/24 46/54/24 47/49/24
o Cube.004
v -5.108247 16.708941 1.000000
v -0.114670 16.962297 1.000000
v -5.108247 16.708939 -1.000000
v -5.006904 14.711509 1.000000
v -10.101824 16.455582 1.000000
v -10.101824 16.455582 -1.000000
v -10.000481 14.458152 1.000000
v -10.000481 14.458151 -1.000000
v -5.006904 14.711509 -1.000000
v -0.013327 14.964866 -1.000000
v -0.114670 16.962297 -1.000000
v -0.013327 14.964867 1.000000
vn -0.0000 -0.0000 1.0000
vn -0.0507 0.9987 -0.0000
vn -0.9987 -0.0507 -0.0000
vn 0.0507 -0.9987 -0.0000
vn -0.0000 -0.0000 -1.0000
vn 0.9987 0.0507 -0.0000
vt 0.125000 0.500000
vt 0.125000 0.750000
vt 0.375000 0.750000
vt 0.375000 0.500000
vt 0.375000 0.000000
vt 0.375000 0.250000
vt 0.625000 0.250000
vt 0.625000 0.000000
vt 0.375000 1.000000
vt 0.625000 1.000000
vt 0.625000 0.750000
vt 0.625000 0.500000
vt 0.875000 0.500000
vt 0.875000 0.750000
s 0
f 50/57/25 49/58/25 52/59/25 60/60/25
f 49/61/26 50/62/26 59/63/26 51/64/26
f 49/61/26 51/64/26 54/63/26 53/62/26
f 52/59/27 49/65/27 51/66/27 57/67/27
f 53/57/25 55/60/25 52/59/25 49/58/25
f 53/62/27 54/63/27 56/68/27 55/60/27
f 55/60/28 56/68/28 57/67/28 52/59/28
f 56/68/29 54/69/29 51/70/29 57/67/29
f 58/68/29 57/67/29 51/70/29 59/69/29
f 60/60/28 52/59/28 57/67/28 58/68/28
f 50/62/30 60/60/30 58/68/30 59/63/30
o Cube.005
v -11.202731 8.405205 1.000000
v -6.209154 8.658562 1.000000
v -11.202731 8.405205 -1.000000
v -11.101388 6.407774 1.000000
v -16.196308 8.151848 1.000000
v -16.196308 8.151847 -1.000000
v -16.094965 6.154417 1.000000
v -16.094965 6.154417 -1.000000
v -11.101388 6.407774 -1.000000
v -6.107811 6.661131 -1.000000
v -6.209154 8.658562 -1.000000
v -6.107811 6.661131 1.000000
vn -0.0000 -0.0000 1.0000
vn -0.0507 0.9987 -0.0000
vn -0.9987 -0.0507 -0.0000
vn 0.0507 -0.9987 -0.0000
vn -0.0000 -0.0000 -1.0000
vn 0.9987 0.0507 -0.0000
vt 0.125000 0.500000
vt 0.125000 0.750000
vt 0.375000 0.750000
vt 0.375000 0.500000
vt 0.375000 0.000000
vt 0.375000 0.250000
vt 0.625000 0.250000
vt 0.625000 0.000000
vt 0.375000 1.000000
vt 0.625000 1.000000
vt 0.625000 0.750000
vt 0.625000 0.500000
vt 0.875000 0.500000
vt 0.875000 0.750000
s 0
f 62/71/31 61/72/31 64/73/31 72/74/31
f 61/75/32 62/76/32 71/77/32 63/78/32
f 61/75/32 63/78/32 66/77/32 65/76/32
f 64/73/33 61/79/33 63/80/33 69/81/33
f 65/71/31 67/74/31 64/73/31 61/72/31
f 65/76/33 66/77/33 68/82/33 67/74/33
f 67/74/34 68/82/34 69/81/34 64/73/34
f 68/82/35 66/83/35 63/84/35 69/81/35
f 70/82/35 69/81/35 63/84/35 71/83/35
f 72/74/34 64/73/34 69/81/34 70/82/34
f 62/76/36 72/74/36 70/82/36 71/77/36
o Cube.006
v -16.702780 11.320777 1.000000
v -14.272078 6.951373 1.000000
v -16.702780 11.320777 -1.000000
v -18.450541 10.348496 1.000000
v -19.133480 15.690181 1.000000
v -19.133480 15.690181 -1.000000
v -20.881243 14.717900 1.000000
v -20.881243 14.717900 -1.000000
v -18.450541 10.348496 -1.000000
v -16.019840 5.979093 -1.000000
v -14.272079 6.951373 -1.000000
v -16.019840 5.979093 1.000000
vn -0.0000 -0.0000 1.0000
vn 0.8739 0.4861 -0.0000
vn -0.4861 0.8739 -0.0000
vn -0.8739 -0.4861 -0.0000
vn -0.0000 -0.0000 -1.0000
vn 0.4861 -0.8739 -0.0000
vt 0.125000 0.500000
vt 0.125000 0.750000
vt 0.375000 0.750000
vt 0.375000 0.500000
vt 0.375000 0.000000
vt 0.375000 0.250000
vt 0.625000 0.250000
vt 0.625000 0.000000
vt 0.375000 1.000000
vt 0.625000 1.000000
vt 0.625000 0.750000
vt 0.625000 0.500000
vt 0.875000 0.500000
vt 0.875000 0.750000
s 0
f 74/85/37 73/86/37 76/87/37 84/88/37
f 73/89/38 74/90/38 83/91/38 75/92/38
f 73/89/38 75/92/38 78/91/38 77/90/38
f 76/87/39 73/93/39 75/94/39 81/95/39
f 77/85/37 79/88/37 76/87/37 73/86/37
f 77/90/39 78/91/39 80/96/39 79/88/39
f 79/88/40 80/96/40 81/95/40 76/87/40
f 80/96/41 78/97/41 75/98/41 81/95/41
f 82/96/41 81/95/41 75/98/41 83/97/41
f 84/88/40 76/87/40 81/95/40 82/96/40
f 74/90/42 84/88/42 82/96/42 83/91/42
o Cube.007
v -10.018987 19.521891 1.000000
v -10.005908 24.521873 1.000000
v -10.018986 19.521891 -1.000000
v -8.018993 19.516661 1.000000
v -10.032064 14.521908 1.000000
v -10.032064 14.521908 -1.000000
v -8.032071 14.516678 1.000000
v -8.032071 14.516678 -1.000000
v -8.018992 19.516661 -1.000000
v -8.005915 24.516644 -1.000000
v -10.005908 24.521873 -1.000000
v -8.005915 24.516644 1.000000
vn -0.0000 -0.0000 1.0000
vn -1.0000 0.0026 -0.0000
vn -0.0026 -1.0000 -0.0000
vn 1.0000 -0.0026 -0.0000
vn -0.0000 -0.0000 -1.0000
vn 0.0026 1.0000 -0.0000
vt 0.125000 0.500000
vt 0.125000 0.750000
vt 0.375000 0.750000
vt 0.375000 0.500000
vt 0.375000 0.000000
vt 0.375000 0.250000
vt 0.625000 0.250000
vt 0.625000 0.000000
vt 0.375000 1.000000
vt 0.625000 1.000000
vt 0.625000 0.750000
vt 0.625000 0.500000
vt 0.875000 0.500000
vt 0.875000 0.750000
s 0
f 86/99/43 85/100/43 88/101/43 96/102/43
f 85/103/44 86/104/44 95/105/44 87/106/44
f 85/103/44 87/106/44 90/105/44 89/104/44
f 88/101/45 85/107/45 87/108/45 93/109/45
f 89/99/43 91/102/43 88/101/43 85/100/43
f 89/104/45 90/105/45 92/110/45 91/102/45
f 91/102/46 92/110/46 93/109/46 88/101/46
f 92/110/47 90/111/47 87/112/47 93/109/47
f 94/110/47 93/109/47 87/112/47 95/111/47
f 96/102/46 88/101/46 93/109/46 94/110/46
f 86/104/48 96/102/48 94/110/48 95/105/48
o Cube.008
v -18.246561 18.739656 1.000000
v -19.224390 13.836205 1.000000
v -18.246561 18.739656 -1.000000
v -20.207941 19.130789 1.000000
v -17.268730 23.643110 1.000000
v -17.268730 23.643110 -1.000000
v -19.230112 24.034241 1.000000
v -19.230112 24.034241 -1.000000
v -20.207941 19.130789 -1.000000
v -21.185772 14.227335 -1.000000
v -19.224390 13.836205 -1.000000
v -21.185772 14.227335 1.000000
vn -0.0000 -0.0000 1.0000
vn 0.9807 -0.1956 -0.0000
vn 0.1956 0.9807 -0.0000
vn -0.9807 0.1956 -0.0000
vn -0.0000 -0.0000 -1.0000
vn -0.1956 -0.9807 -0.0000
vt 0.125000 0.500000
vt 0.125000 0.750000
vt 0.375000 0.750000
vt 0.375000 0.500000
vt 0.375000 0.000000
vt 0.375000 0.250000
vt 0.625000 0.250000
vt 0.625000 0.000000
vt 0.375000 1.000000
vt 0.625000 1.000000
vt 0.625000 0.750000
vt 0.625000 0.500000
vt 0.875000 0.500000
vt 0.875000 0.750000
s 0
f 98/113/49 97/114/49 100/115/49 108/116/49
f 97/117/50 98/118/50 107/119/50 99/120/50
f 97/117/50 99/120/50 102/119/50 101/118/50
f 100/115/51 97/121/51 99/122/51 105/123/51
f 101/113/49 103/116/49 100/115/49 97/114/49
f 101/118/51 102/119/51 104/124/51 103/116/51
f 103/116/52 104/124/52 105/123/52 100/115/52
f 104/124/53 102/125/53 99/126/53 105/123/53
f 106/124/53 105/123/53 99/126/53 107/125/53
f 108/116/52 100/115/52 105/123/52 106/124/52
f 98/118/54 108/116/54 106/124/54 107/119/54
o Cube.009
v -6.141222 27.123905 1.000000
v -2.145607 30.129744 1.000000
v -6.141222 27.123905 -1.000000
v -4.938887 25.525658 1.000000
v -10.136837 24.118067 1.000000
v -10.136837 24.118067 -1.000000
v -8.934502 22.519821 1.000000
v -8.934502 22.519819 -1.000000
v -4.938887 25.525658 -1.000000
v -0.943272 28.531496 -1.000000
v -2.145607 30.129742 -1.000000
v -0.943272 28.531496 1.000000
vn -0.0000 -0.0000 1.0000
vn -0.6012 0.7991 -0.0000
vn -0.7991 -0.6012 -0.0000
vn 0.6012 -0.7991 -0.0000
vn -0.0000 -0.0000 -1.0000
vn 0.7991 0.6012 -0.0000
vt 0.125000 0.500000
vt 0.125000 0.750000
vt 0.375000 0.750000
vt 0.375000 0.500000
vt 0.375000 0.000000
vt 0.375000 0.250000
vt 0.625000 0.250000
vt 0.625000 0.000000
vt 0.375000 1.000000
vt 0.625000 1.000000
vt 0.625000 0.750000
vt 0.625000 0.500000
vt 0.875000 0.500000
vt 0.875000 0.750000
s 0
f 110/127/55 109/128/55 112/129/55 120/130/55
f 109/131/56 110/132/56 119/133/56 111/134/56
f 109/131/56 111/134/56 114/133/56 113/132/56
f 112/129/57 109/135/57 111/136/57 117/137/57
f 113/127/55 115/130/55 112/129/55 109/128/55
f 113/132/57 114/133/57 116/138/57 115/130/57
f 115/130/58 116/138/58 117/137/58 112/129/58
f 116/138/59 114/139/59 111/140/59 117/137/59
f 118/138/59 117/137/59 111/140/59 119/139/59
f 120/130/58 112/129/58 117/137/58 118/138/58
f 110/132/60 120/130/60 118/138/60 119/133/60
o Cube.010
v -15.165162 27.010391 1.000000
v -18.085550 22.951902 1.000000
v -15.165162 27.010391 -1.000000
v -16.788557 28.178547 1.000000
v -12.244773 31.068880 1.000000
v -12.244774 31.068880 -1.000000
v -13.868169 32.237034 1.000000
v -13.868169 32.237034 -1.000000
v -16.788557 28.178547 -1.000000
v -19.708946 24.120058 -1.000000
v -18.085552 22.951902 -1.000000
v -19.708946 24.120058 1.000000
vn -0.0000 -0.0000 1.0000
vn 0.8117 -0.5841 -0.0000
vn 0.5841 0.8117 -0.0000
vn -0.8117 0.5841 -0.0000
vn -0.0000 -0.0000 -1.0000
vn -0.5841 -0.8117 -0.0000
vt 0.125000 0.500000
vt 0.125000 0.750000
vt 0.375000 0.750000
vt 0.375000 0.500000
vt 0.375000 0.000000
vt 0.375000 0.250000
vt 0.625000 0.250000
vt 0.625000 0.000000
vt 0.375000 1.000000
vt 0.625000 1.000000
vt 0.625000 0.750000
vt 0.625000 0.500000
vt 0.875000 0.500000
vt 0.875000 0.750000
s 0
f 122/141/61 121/142/61 124/143/61 132/144/61
f 121/145/62 122/146/62 131/147/62 123/148/62
f 121/145/62 123/148/62 126/147/62 125/146/62
f 124/143/63 121/149/63 123/150/63 129/151/63
f 125/141/61 127/144/61 124/143/61 121/142/61
f 125/146/63 126/147/63 128/152/63 127/144/63
f 127/144/64 128/152/64 129/151/64 124/143/64
f 128/152/65 126/153/65 123/154/65 129/151/65
f 130/152/65 129/151/65 123/154/65 131/153/65
f 132/144/64 124/143/64 129/151/64 130/152/64
f 122/146/66 132/144/66 130/152/66 131/147/66
o Cube.011
v -9.754622 32.721336 1.000000
v -13.881693 29.898697 1.000000
v -9.754622 32.721336 -1.000000
v -10.883677 34.372162 1.000000
v -5.627550 35.543972 1.000000
v -5.627550 35.543972 -1.000000
v -6.756605 37.194801 1.000000
v -6.756605 37.194801 -1.000000
v -10.883677 34.372162 -1.000000
v -15.010748 31.549526 -1.000000
v -13.881693 29.898699 -1.000000
v -15.010748 31.549526 1.000000
vn -0.0000 -0.0000 1.0000
vn 0.5645 -0.8254 -0.0000
vn 0.8254 0.5645 -0.0000
vn -0.5645 0.8254 -0.0000
vn -0.0000 -0.0000 -1.0000
vn -0.8254 -0.5645 -0.0000
vt 0.125000 0.500000
vt 0.125000 0.750000
vt 0.375000 0.750000
vt 0.375000 0.500000
vt 0.375000 0.000000
vt 0.375000 0.250000
vt 0.625000 0.250000
vt 0.625000 0.000000
vt 0.375000 1.000000
vt 0.625000 1.000000
vt 0.625000 0.750000
vt 0.625000 0.500000
vt 0.875000 0.500000
vt 0.875000 0.750000
s 0
f 134/155/67 133/156/67 136/157/67 144/158/67
f 133/159/68 134/160/68 143/161/68 135/162/68
f 133/159/68 135/162/68 138/161/68 137/160/68
f 136/157/69 133/163/69 135/164/69 141/165/69
f 137/155/67 139/158/67 136/157/67 133/156/67
f 137/160/69 138/161/69 140/166/69 139/158/69
f 139/158/70 140/166/70 141/165/70 136/157/70
f 140/166/71 138/167/71 135/168/71 141/165/71
f 142/166/71 141/165/71 135/168/71 143/167/71
f 144/158/70 136/157/70 141/165/70 142/166/70
f 134/160/72 144/158/72 142/166/72 143/161/72
o Cube.012
v -2.352801 36.741066 1.000000
v 2.557309 35.797234 1.000000
v -2.352802 36.741066 -1.000000
v -2.730334 34.777023 1.000000
v -7.262912 37.684898 1.000000
v -7.262912 37.684898 -1.000000
v -7.640445 35.720856 1.000000
v -7.640445 35.720856 -1.000000
v -2.730334 34.777023 -1.000000
v 2.179776 33.833191 -1.000000
v 2.557309 35.797234 -1.000000
v 2.179776 33.833191 1.000000
vn -0.0000 -0.0000 1.0000
vn 0.1888 0.9820 -0.0000
vn -0.9820 0.1888 -0.0000
vn -0.1888 -0.9820 -0.0000
vn -0.0000 -0.0000 -1.0000
vn 0.9820 -0.1888 -0.0000
vt 0.125000 0.500000
vt 0.125000 0.750000
vt 0.375000 0.750000
vt 0.375000 0.500000
vt 0.375000 0.000000
vt 0.375000 0.250000
vt 0.625000 0.250000
vt 0.625000 0.000000
vt 0.375000 1.000000
vt 0.625000 1.000000
vt 0.625000 0.750000
vt 0.625000 0.500000
vt 0.875000 0.500000
vt 0.875000 0.750000
s 0
f 146/169/73 145/170/73 148/171/73 156/172/73
f 145/173/74 146/174/74 155/175/74 147/176/74
f 145/173/74 147/176/74 150/175/74 149/174/74
f 148/171/75 145/177/75 147/178/75 153/179/75
f 149/169/73 151/172/73 148/171/73 145/170/73
f 149/174/75 150/175/75 152/180/75 151/172/75
f 151/172/76 152/180/76 153/179/76 148/171/76
f 152/180/77 150/181/77 147/182/77 153/179/77
f 154/180/77 153/179/77 147/182/77 155/181/77
f 156/172/76 148/171/76 153/179/76 154/180/76
f 146/174/78 156/172/78 154/180/78 155/175/78
o Cube.013
v 1.511519 26.868320 1.000000
v 5.362790 23.679636 1.000000
v 1.511518 26.868320 -1.000000
v 0.236045 25.327812 1.000000
v -2.339753 30.057005 1.000000
v -2.339753 30.057005 -1.000000
v -3.615226 28.516497 1.000000
v -3.615226 28.516497 -1.000000
v 0.236044 25.327812 -1.000000
v 4.087316 22.139128 -1.000000
v 5.362790 23.679636 -1.000000
v 4.087316 22.139128 1.000000
vn -0.0000 -0.0000 1.0000
vn 0.6377 0.7703 -0.0000
vn -0.7703 0.6377 -0.0000
vn -0.6377 -0.7703 -0.0000
vn -0.0000 -0.0000 -1.0000
vn 0.7703 -0.6377 -0.0000
vt 0.125000 0.500000
vt 0.125000 0.750000
vt 0.375000 0.750000
vt 0.375000 0.500000
vt 0.375000 0.000000
vt 0.375000 0.250000
vt 0.625000 0.250000
vt 0.625000 0.000000
vt 0.375000 1.000000
vt 0.625000 1.000000
vt 0.625000 0.750000
vt 0.625000 0.500000
vt 0.875000 0.500000
vt 0.875000 0.750000
s 0
f 158/183/79 157/184/79 160/185/79 168/186/79
f 157/187/80 158/188/80 167/189/80 159/190/80
f 157/187/80 159/190/80 162/189/80 161/188/80
f 160/185/81 157/191/81 159/192/81 165/193/81
f 161/183/79 163/186/79 160/185/79 157/184/79
f 161/188/81 162/189/81 164/194/81 163/186/81
f 163/186/82 164/194/82 165/193/82 160/185/82
f 164/194/83 162/195/83 159/196/83 165/193/83
f 166/194/83 165/193/83 159/196/83 167/195/83
f 168/186/82 160/185/82 165/193/82 166/194/82
f 158/188/84 168/186/84 166/194/84 167/189/84
o Cube.014
v 5.620672 32.302013 1.000000
v 9.178642 28.789059 1.000000
v 5.620672 32.302013 -1.000000
v 4.215491 30.878824 1.000000
v 2.062701 35.814964 1.000000
v 2.062701 35.814964 -1.000000
v 0.657520 34.391777 1.000000
v 0.657520 34.391777 -1.000000
v 4.215490 30.878824 -1.000000
v 7.773461 27.365871 -1.000000
v 9.178642 28.789059 -1.000000
v 7.773461 27.365871 1.000000
vn -0.0000 -0.0000 1.0000
vn 0.7026 0.7116 -0.0000
vn -0.7116 0.7026 -0.0000
vn -0.7026 -0.7116 -0.0000
vn -0.0000 -0.0000 -1.0000
vn 0.7116 -0.7026 -0.0000
vt 0.125000 0.500000
vt 0.125000 0.750000
vt 0.375000 0.750000
vt 0.375000 0.500000
vt 0.375000 0.000000
vt 0.375000 0.250000
vt 0.625000 0.250000
vt 0.625000 0.000000
vt 0.375000 1.000000
vt 0.625000 1.000000
vt 0.625000 0.750000
vt 0.625000 0.500000
vt 0.875000 0.500000
vt 0.875000 0.750000
s 0
f 170/197/85 169/198/85 172/199/85 180/200/85
f 169/201/86 170/202/86 179/203/86 171/204/86
f 169/201/86 171/204/86 174/203/86 173/202/86
f 172/199/87 169/205/87 171/206/87 177/207/87
f 173/197/85 175/200/85 172/199/85 169/198/85
f 173/202/87 174/203/87 176/208/87 175/200/87
f 175/200/88 176/208/88 177/207/88 172/199/88
f 176/208/89 174/209/89 171/210/89 177/207/89
f 178/208/89 177/207/89 171/210/89 179/209/89
f 180/200/88 172/199/88 177/207/88 178/208/88
f 170/202/90 180/200/90 178/208/90 179/203/90
o Cube.015
v 12.219104 11.772032 1.000000
v 9.334743 15.856205 1.000000
v 12.219104 11.772032 -1.000000
v 13.852773 12.925776 1.000000
v 15.103462 7.687859 1.000000
v 15.103463 7.687859 -1.000000
v 16.737133 8.841602 1.000000
v 16.737133 8.841602 -1.000000
v 13.852773 12.925776 -1.000000
v 10.968414 17.009949 -1.000000
v 9.334744 15.856205 -1.000000
v 10.968413 17.009949 1.000000
vn -0.0000 -0.0000 1.0000
vn -0.8168 -0.5769 -0.0000
vn 0.5769 -0.8168 -0.0000
vn 0.8168 0.5769 -0.0000
vn -0.0000 -0.0000 -1.0000
vn -0.5769 0.8168 -0.0000
vt 0.125000 0.500000
vt 0.125000 0.750000
vt 0.375000 0.750000
vt 0.375000 0.500000
vt 0.375000 0.000000
vt 0.375000 0.250000
vt 0.625000 0.250000
vt 0.625000 0.000000
vt 0.375000 1.000000
vt 0.625000 1.000000
vt 0.625000 0.750000
vt 0.625000 0.500000
vt 0.875000 0.500000
vt 0.875000 0.750000
s 0
f 182/211/91 181/212/91 184/213/91 192/214/91
f 181/215/92 182/216/92 191/217/92 183/218/92
f 181/215/92 183/218/92 186/217/92 185/216/92
f 184/213/93 181/219/93 183/220/93 189/221/93
f 185/211/91 187/214/91 184/213/91 181/212/91
f 185/216/93 186/217/93 188/222/93 187/214/93
f 187/214/94 188/222/94 189/221/94 184/213/94
f 188/222/95 186/223/95 183/224/95 189/221/95
f 190/222/95 189/221/95 183/224/95 191/223/95
f 192/214/94 184/213/94 189/221/94 190/222/94
f 182/216/96 192/214/96 190/222/96 191/217/96
o Cube.016
v 10.918461 25.970409 1.000000
v 14.010003 22.040731 1.000000
v 10.918461 25.970409 -1.000000
v 9.346590 24.733791 1.000000
v 7.826919 29.900087 1.000000
v 7.826919 29.900087 -1.000000
v 6.255048 28.663469 1.000000
v 6.255048 28.663469 -1.000000
v 9.346590 24.733791 -1.000000
v 12.438132 20.804113 -1.000000
v 14.010003 22.040731 -1.000000
v 12.438132 20.804113 1.000000
vn -0.0000 -0.0000 1.0000
vn 0.7859 0.6183 -0.0000
vn -0.6183 0.7859 -0.0000
vn -0.7859 -0.6183 -0.0000
vn -0.0000 -0.0000 -1.0000
vn 0.6183 -0.7859 -0.0000
vt 0.125000 0.500000
vt 0.125000 0.750000
vt 0.375000 0.750000
vt 0.375000 0.500000
vt 0.375000 0.000000
vt 0.375000 0.250000
vt 0.625000 0.250000
vt 0.625000 0.000000
vt 0.375000 1.000000
vt 0.625000 1.000000
vt 0.625000 0.750000
vt 0.625000 0.500000
vt 0.875000 0.500000
vt 0.875000 0.750000
s 0
f 194/225/97 193/226/97 196/227/97 204/228/97
f 193/229/98 194/230/98 203/231/98 195/232/98
f 193/229/98 195/232/98 198/231/98 197/230/98
f 196/227/99 193/233/99 195/234/99 201/235/99
f 197/225/97 199/228/97 196/227/97 193/226/97
f 197/230/99 198/231/99 200/236/99 199/228/99
f 199/228/100 200/236/100 201/235/100 196/227/100
f 200/236/101 198/237/101 195/238/101 201/235/101
f 202/236/101 201/235/101 195/238/101 203/237/101
f 204/228/100 196/227/100 201/235/100 202/236/100
f 194/230/102 204/228/102 202/236/102 203/231/102
o Cube.017
v 6.398108 18.811335 1.000000
v 3.094078 22.564117 1.000000
v 6.398108 18.811335 -1.000000
v 7.899221 20.132948 1.000000
v 9.702139 15.058552 1.000000
v 9.702139 15.058552 -1.000000
v 11.203253 16.380165 1.000000
v 11.203253 16.380165 -1.000000
v 7.899222 20.132948 -1.000000
v 4.595191 23.885731 -1.000000
v 3.094078 22.564117 -1.000000
v 4.595191 23.885731 1.000000
vn -0.0000 -0.0000 1.0000
vn -0.7506 -0.6608 -0.0000
vn 0.6608 -0.7506 -0.0000
vn 0.7506 0.6608 -0.0000
vn -0.0000 -0.0000 -1.0000
vn -0.6608 0.7506 -0.0000
vt 0.125000 0.500000
vt 0.125000 0.750000
vt 0.375000 0.750000
vt 0.375000 0.500000
vt 0.375000 0.000000
vt 0.375000 0.250000
vt 0.625000 0.250000
vt 0.625000 0.000000
vt 0.375000 1.000000
vt 0.625000 1.000000
vt 0.625000 0.750000
vt 0.625000 0.500000
vt 0.875000 0.500000
vt 0.875000 0.750000
s 0
f 206/239/103 205/240/103 208/241/103 216/242/103
f 205/243/104 206/244/104 215/245/104 207/246/104
f 205/243/104 207/246/104 210/245/104 209/244/104
f 208/241/105 205/247/105 207/248/105 213/249/105
f 209/239/103 211/242/103 208/241/103 205/240/103
f 209/244/105 210/245/105 212/250/105 211/242/105
f 211/242/106 212/250/106 213/249/106 208/241/106
f 212/250/107 210/251/107 207/252/107 213/249/107
f 214/250/107 213/249/107 207/252/107 215/251/107
f 216/242/106 208/241/106 213/249/106 214/250/106
f 206/244/108 216/242/108 214/250/108 215/245/108
o Cube.018
v 16.666780 18.905682 1.000000
v 19.758324 14.976004 1.000000
v 16.666780 18.905682 -1.000000
v 15.094910 17.669064 1.000000
v 13.575238 22.835360 1.000000
v 13.575238 22.835360 -1.000000
v 12.003367 21.598742 1.000000
v 12.003367 21.598742 -1.000000
v 15.094910 17.669064 -1.000000
v 18.186451 13.739386 -1.000000
v 19.758324 14.976004 -1.000000
v 18.186451 13.739386 1.000000
vn -0.0000 -0.0000 1.0000
vn 0.7859 0.6183 -0.0000
vn -0.6183 0.7859 -0.0000
vn -0.7859 -0.6183 -0.0000
vn -0.0000 -0.0000 -1.0000
vn 0.6183 -0.7859 -0.0000
vt 0.125000 0.500000
vt 0.125000 0.750000
vt 0.375000 0.750000
vt 0.375000 0.500000
vt 0.375000 0.000000
vt 0.375000 0.250000
vt 0.625000 0.250000
vt 0.625000 0.000000
vt 0.375000 1.000000
vt 0.625000 1.000000
vt 0.625000 0.750000
vt 0.625000 0.500000
vt 0.875000 0.500000
vt 0.875000 0.750000
s 0
f 218/253/109 217/254/109 220/255/109 228/256/109
f 217/257/110 218/258/110 227/259/110 219/260/110
f 217/257/110 219/260/110 222/259/110 221/258/110
f 220/255/111 217/261/111 219/262/111 225/263/111
f 221/253/109 223/256/109 220/255/109 217/254/109
f 221/258/111 222/259/111 224/264/111 223/256/111
f 223/256/112 224/264/112 225/263/112 220/255/112
f 224/264/113 222/265/113 219/266/113 225/263/113
f 226/264/113 225/263/113 219/266/113 227/265/113
f 228/256/112 220/255/112 225/263/112 226/264/112
f 218/258/114 228/256/114 226/264/114 227/259/114
o Cube.019
v 20.498747 18.745501 1.000000
v 23.886396 22.422976 1.000000
v 20.498747 18.745501 -1.000000
v 21.969736 17.390440 1.000000
v 17.111095 15.068026 1.000000
v 17.111095 15.068026 -1.000000
v 18.582087 13.712965 1.000000
v 18.582087 13.712965 -1.000000
v 21.969736 17.390440 -1.000000
v 25.357388 21.067915 -1.000000
v 23.886396 22.422976 -1.000000
v 25.357388 21.067915 1.000000
vn -0.0000 -0.0000 1.0000
vn -0.7355 0.6775 -0.0000
vn -0.6775 -0.7355 -0.0000
vn 0.7355 -0.6775 -0.0000
vn -0.0000 -0.0000 -1.0000
vn 0.6775 0.7355 -0.0000
vt 0.125000 0.500000
vt 0.125000 0.750000
vt 0.375000 0.750000
vt 0.375000 0.500000
vt 0.375000 0.000000
vt 0.375000 0.250000
vt 0.625000 0.250000
vt 0.625000 0.000000
vt 0.375000 1.000000
vt 0.625000 1.000000
vt 0.625000 0.750000
vt 0.625000 0.500000
vt 0.875000 0.500000
vt 0.875000 0.750000
s 0
f 230/267/115 229/268/115 232/269/115 240/270/115
f 229/271/116 230/272/116 239/273/116 231/274/116
f 229/271/116 231/274/116 234/273/116 233/272/116
f 232/269/117 229/275/117 231/276/117 237/277/117
f 233/267/115 235/270/115 232/269/115 229/268/115
f 233/272/117 234/273/117 236/278/117 235/270/117
f 235/270/118 236/278/118 237/277/118 232/269/118
f 236/278/119 234/279/119 231/280/119 237/277/119
f 238/278/119 237/277/119 231/280/119 239/279/119
f 240/270/118 232/269/118 237/277/118 238/278/118
f 230/272/120 240/270/120 238/278/120 239/273/120
o Cube.020
v 23.237762 7.622396 1.000000
v 19.570766 4.223406 1.000000
v 23.237762 7.622397 -1.000000
v 21.878166 9.089195 1.000000
v 26.904758 11.021387 1.000000
v 26.904758 11.021387 -1.000000
v 25.545162 12.488186 1.000000
v 25.545162 12.488186 -1.000000
v 21.878166 9.089195 -1.000000
v 18.211170 5.690204 -1.000000
v 19.570766 4.223406 -1.000000
v 18.211170 5.690204 1.000000
vn -0.0000 -0.0000 1.0000
vn 0.6798 -0.7334 -0.0000
vn 0.7334 0.6798 -0.0000
vn -0.6798 0.7334 -0.0000
vn -0.0000 -0.0000 -1.0000
vn -0.7334 -0.6798 -0.0000
vt 0.125000 0.500000
vt 0.125000 0.750000
vt 0.375000 0.750000
vt 0.375000 0.500000
vt 0.375000 0.000000
vt 0.375000 0.250000
vt 0.625000 0.250000
vt 0.625000 0.000000
vt 0.375000 1.000000
vt 0.625000 1.000000
vt 0.625000 0.750000
vt 0.625000 0.500000
vt 0.875000 0.500000
vt 0.875000 0.750000
s 0
f 242/281/121 241/282/121 244/283/121 252/284/121
f 241/285/122 242/286/122 251/287/122 243/288/122
f 241/285/122 243/288/122 246/287/122 245/286/122
f 244/283/123 241/289/123 243/290/123 249/291/123
f 245/281/121 247/284/121 244/283/121 241/282/121
f 245/286/123 246/287/123 248/292/123 247/284/123
f 247/284/124 248/292/124 249/291/124 244/283/124
f 248/292/125 246/293/125 243/294/125 249/291/125
f 250/292/125 249/291/125 243/294/125 251/293/125
f 252/284/124 244/283/124 249/291/124 250/292/124
f 242/286/126 252/284/126 250/292/126 251/287/126
o Cube.021
v 16.274986 7.572272 1.000000
v 11.918563 10.026162 1.000000
v 16.274986 7.572272 -1.000000
v 17.256542 9.314841 1.000000
v 20.631409 5.118382 1.000000
v 20.631409 5.118382 -1.000000
v 21.612965 6.860951 1.000000
v 21.612965 6.860951 -1.000000
v 17.256542 9.314841 -1.000000
v 12.900119 11.768732 -1.000000
v 11.918563 10.026162 -1.000000
v 12.900119 11.768731 1.000000
vn -0.0000 -0.0000 1.0000
vn -0.4908 -0.8713 -0.0000
vn 0.8713 -0.4908 -0.0000
vn 0.4908 0.8713 -0.0000
vn -0.0000 -0.0000 -1.0000
vn -0.8713 0.4908 -0.0000
vt 0.125000 0.500000
vt 0.125000 0.750000
vt 0.375000 0.750000
vt 0.375000 0.500000
vt 0.375000 0.000000
vt 0.375000 0.250000
vt 0.625000 0.250000
vt 0.625000 0.000000
vt 0.375000 1.000000
vt 0.625000 1.000000
vt 0.625000 0.750000
vt 0.625000 0.500000
vt 0.875000 0.500000
vt 0.875000 0.750000
s 0
f 254/295/127 253/296/127 256/297/127 264/298/127
f 253/299/128 254/300/128 263/301/128 255/302/128
f 253/299/128 255/302/128 258/301/128 257/300/128
f 256/297/129 253/303/129 255/304/129 261/305/129
f 257/295/127 259/298/127 256/297/127 253/296/127
f 257/300/129 258/301/129 260/306/129 259/298/129
f 259/298/130 260/306/130 261/305/130 256/297/130
f 260/306/131 258/307/131 255/308/131 261/305/131
f 262/306/131 261/305/131 255/308/131 263/307/131
f 264/298/130 256/297/130 261/305/130 262/306/130
f 254/300/132 264/298/132 262/306/132 263/301/132
o Cube.022
v 29.600407 13.546237 1.000000
v 25.933411 10.147246 1.000000
v 29.600407 13.546237 -1.000000
v 28.240810 15.013036 1.000000
v 33.267403 16.945229 1.000000
v 33.267403 16.945229 -1.000000
v 31.907806 18.412025 1.000000
v 31.907806 18.412025 -1.000000
v 28.240810 15.013036 -1.000000
v 24.573814 11.614044 -1.000000
v 25.933411 10.147246 -1.000000
v 24.573814 11.614044 1.000000
vn -0.0000 -0.0000 1.0000
vn 0.6798 -0.7334 -0.0000
vn 0.7334 0.6798 -0.0000
vn -0.6798 0.7334 -0.0000
vn -0.0000 -0.0000 -1.0000
vn -0.7334 -0.6798 -0.0000
vt 0.125000 0.500000
vt 0.125000 0.750000
vt 0.375000 0.750000
vt 0.375000 0.500000
vt 0.375000 0.000000
vt 0.375000 0.250000
vt 0.625000 0.250000
vt 0.625000 0.000000
vt 0.375000 1.000000
vt 0.625000 1.000000
vt 0.625000 0.750000
vt 0.625000 0.500000
vt 0.875000 0.500000
vt 0.875000 0.750000
s 0
f 266/309/133 265/310/133 268/311/133 276/312/133
f 265/313/134 266/314/134 275/315/134 267/316/134
f 265/313/134 267/316/134 270/315/134 269/314/134
f 268/311/135 265/317/135 267/318/135 273/319/135
f 269/309/133 271/312/133 268/311/133 265/310/133
f 269/314/135 270/315/135 272/320/135 271/312/135
f 271/312/136 272/320/136 273/319/136 268/311/136
f 272/320/137 270/321/137 267/322/137 273/319/137
f 274/320/137 273/319/137 267/322/137 275/321/137
f 276/312/136 268/311/136 273/319/136 274/320/136
f 266/314/138 276/312/138 274/320/138 275/315/138
o Cube.023
v 27.258001 17.906948 1.000000
v 23.673813 21.393148 1.000000
v 27.258003 17.906950 -1.000000
v 28.652481 19.340624 1.000000
v 30.842192 14.420750 1.000000
v 30.842192 14.420750 -1.000000
v 32.236671 15.854425 1.000000
v 32.236671 15.854425 -1.000000
v 28.652483 19.340626 -1.000000
v 25.068293 22.826824 -1.000000
v 23.673813 21.393148 -1.000000
v 25.068293 22.826824 1.000000
vn -0.0000 -0.0000 1.0000
vn -0.6972 -0.7168 -0.0000
vn 0.7168 -0.6972 -0.0000
vn 0.6972 0.7168 -0.0000
vn -0.0000 -0.0000 -1.0000
vn -0.7168 0.6972 -0.0000
vt 0.125000 0.500000
vt 0.125000 0.750000
vt 0.375000 0.750000
vt 0.375000 0.500000
vt 0.375000 0.000000
vt 0.375000 0.250000
vt 0.625000 0.250000
vt 0.625000 0.000000
vt 0.375000 1.000000
vt 0.625000 1.000000
vt 0.625000 0.750000
vt 0.625000 0.500000
vt 0.875000 0.500000
vt 0.875000 0.750000
s 0
f 278/323/139 277/324/139 280/325/139 288/326/139
f 277/327/140 278/328/140 287/329/140 279/330/140
f 277/327/140 279/330/140 282/329/140 281/328/140
f 280/325/141 277/331/141 279/332/141 285/333/141
f 281/323/139 283/326/139 280/325/139 277/324/139
f 281/328/141 282/329/141 284/334/141 283/326/141
f 283/326/142 284/334/142 285/333/142 280/325/142
f 284/334/143 282/335/143 279/336/143 285/333/143
f 286/334/143 285/333/143 279/336/143 287/335/143
f 288/326/142 280/325/142 285/333/142 286/334/142
f 278/328/144 288/326/144 286/334/144 287/329/144
